
24
62
94
90
15
40
64
79
64
3
22
2
94
62
61
42
37
38
77
57
84
38
30
44
23
41
55
35
55
12
17
57
94
100
56
95
56
30
39
100
4
30
63
53
41
50
41
31
86
94
27
52
44
71
28
39
10
27
90
4
99
75
23
6
18
95
27
10
99
65
39
54
3
45
78
39
57
6
34
20
69
49
10
80
31
53
46
45
44
32
77
48
11
67
45
86
84
78
87
72
65
49
24
76
52
22
96
78
83
17
15
18
25
43
51
42
71
42
48
42
52
99
27
68
32
58
35
90
81
98
55
73
83
60
94
75
79
14
69
23
31
73
14
6
55
39
15
21
74
20
83
13
22
77
88
94
17
23
79
99
50
58
11
34
92
55
84
17
19
58
8
63
83
23
86
94
67
13
77
66
39
48
3
1
74
95
18
43
49
83
53
21
1
61
56
84
72
55
26
29
86
17
76
64
53
80
3
10
5
12
58
41
38
8
26
85
34
79
13
100
45
50
3
84
20
