59
1
9
25
53
67
57
43
84
51
90
18
13
73
53
29
37
23
49
36
5
37
19
92
58
71
42
0
82
52
34
99
70
78
97
81
24
9
42
64
13
7
48
91
16
72
12
91
13
1
73
53
45
16
28
37
85
3
8
48
53
94
34
100
81
61
84
34
26
52
97
84
91
64
82
77
40
37
53
89
70
63
20
13
4
86
31
46
51
47
64
3
96
48
19
23
36
81
56
98
87
7
32
93
37
69
23
99
69
88
5
52
4
6
23
16
28
48
87
68
47
15
13
32
83
32
75
60
8
62
87
72
92
46
39
70
5
90
29
8
94
69
51
11
99
73
34
38
76
8
10
92
62
2
71
32
28
69
99
94
63
79
57
34
59
95
88
96
17
35
75
10
25
100
3
46
61
30
33
86
34
74
83
72
35
49
48
48
70
3
77
31
39
73
41
97
11
89
26
17
11
80
12
18
63
100
16
34
47
30
49
31
83
92
58
74
49
96
43
96
53
77
46
95
62
4
79
84
89
91
25
71
78
41
91
75
53
90
19
84
11
29
76
16
83
12
39
65
86
6
70
45
1
100
61
45
41
21
25
79
71
11
77
38
6
14
26
78
99
63
53
48
23
79
85
22
79
47
29
100
9
43
59
34
31
7
99
67
8
52
21
85
58
77
77
36
79
52
50
47
66
39
78
100
7
4
70
91
84
8
55
16
28
64
69
75
69
17
61
2
35
55
47
54
43
15
96
39
33
79
29
96
31
83
84
35
78
43
23
66
92
70
59
21
58
90
31
96
24
30
28
5
46
30
64
79
99
25
77
34
80
11
60
91
7
